     CC   CD   DT   EX FW IN   JJ   JJR JJS LS MD  NN   NNP  NNPS NNS  PDT POS PRP  RB   RBR RBS RP  TO   UH VB  VBD  VBG VBN VBP VBZ  WDT WP  WRB
CC   1283    0    0  0  0    0    0   0   0 0    0    2    0  0      0  0    0    0    3  0   0    0    0 0    0    0   0   0   0    0   0   0   0
CD      0 1477    0  0  0    0    3   0   0 4    0    6    3  0      6  0    0    6    0  0   0    0    0 0    0    0   0   0   0    0   0   0   0
DT     11    0 4747  0  0    4    0   0   0 0    0    0    5  0      0 11    0    0   14  0   0    0    0 1    0    0   0   0   0    0   0   0   0
EX      0    0    0 57  0    0    0   0   0 0    0    0    0  0      0  0    0    0    6  0   0    0    0 0    0    0   0   0   0    0   0   0   0
FW                                                                                                                                                
IN      0    0   68  0  0 5792    4   0   0 0    0    6    1  0      0  0    0    0  172  0   0   38    0 0    4    0   0   0   1    0 138   0   0
JJ      0    0    2  0  0   10 2432   2   0 0    0  108   83  5     16  4    0    0   76  2   0    0    0 0   27    4   3  12   4    0   0   0   0
JJR     0    0    0  0  0    0    0 102   0 0    0    0    1  0      0  0    0    0    0 42   0    0    0 0    1    0   0   0   0    0   0   0   0
JJS     0    0    0  0  0    0    1   0 117 0    0    0    0  0      0  0    0    0    2  0  30    0    0 0    0    0   0   0   0    0   0   0   0
LS                                                                                                                                                
MD      0    0    0  0  0    0    0   0   0 0  582    3    0  0      0  0    0    0    0  0   0    0    0 0    0    0   0   0   0    0   0   0   0
NN     78  451    2  0 10    2  725  15   9 0    0 6999   40  0      5  3    0    0  134  1   0    1    0 1  409   17  49  19  88    1   2   0   1
NNP     0    7    0  0 10   12  119   1   2 0    2  104 5739 20     88  0    0    0   31  1   0    1    0 3   16    2  26   5   3    5   0   0   0
NNPS    0    0    0  0  0    0    0   0   0 0    0    0   48  8      7  0    0    0    0  0   0    0    0 0    0    0   0   0   0    0   0   0   0
NNS     0    0    0  0  0    2   31   0   0 0    0   35   17  9   3298  0    0    0    2  0   0    0    0 0    3    0   0   0   1  132   0   0   0
PDT                                                                                                                                               
POS     0    0    0  0  0    0    0   0   0 0    0    0    0  0      0  0  507    0    0  0   0    0    0 0    0    0   0   0   0   77   0   0   0
PRP     0    0    0  0  0    0    0   0   0 0    0    0    0  0      0  0    0 1042    0  0   0    0    0 0    0    0   0   0   0    0   0   0   0
RB      1    0    0  0  0   16   29   0   0 0    0    1    0  0      0  0    0    0 1567  0   0   30    0 3    2    0   0   0   0    0   0   0   1
RBR     0    0    0  0  0    0    0  74   0 0    0    0    0  0      0  0    0    0    0 64   0    0    0 0    0    0   0   0   0    0   0   0   0
RBS                                                                                                                                               
RP      0    0    0  0  0   28    1   0   0 0    0    0    0  0      0  0    0    0   35  0   0  107    0 0    0    0   0   0   0    0   0   0   0
TO      0    0    0  0  0    0    0   0   0 0    0    0    0  0      0  0    0    0    0  0   0    0 1245 0    0    0   0   0   0    0   0   0   0
UH                                                                                                                                                
VB      0    0    0  0  0    0    7   0   0 0    0  118    1  0      0  0    0    0    6  0   0    0    0 0  904    5   0  17 102    0   0   0   0
VBD     0    0    0  0  0    0  160   0   0 0    0    3    0  0      0  0    0    0    0  0   0    0    0 0    4 1610   0 403   0    0   0   0   0
VBG     0    0    0  0  0    0  101   0   0 0    0  151    0  0      0  0    0    0    0  0   0    0    0 0    0    0 739   0   0    0   0   0   0
VBN     0    0    0  0  0    0   95   0   0 0    0    5    0  0      0  0    0    0    0  0   0    0    0 0   16  198   0 642   6    0   0   0   0
VBP     0    0    0  0  0    0    3   0   0 0    0   38    0  0      0  0    0    0    0  0   0    0    0 0  203    1   0   0 597    0   0   0   0
VBZ     0    0    0  0  0    0    0   0   0 0    0    1    1  0     93  0    0    0    0  0   0    0    0 0    0    0   0   0   0 1021   0   0   0
WDT     0    0    0  0  0    0    0   0   0 0    0    0    0  0      0  0    0    0    0  0   0    0    0 0    0    0   0   0   0    0 139   0   0
WP      0    0    0  0  0    0    0   0   0 0    0    0    0  0      0  0    0    0    0  0   0    0    0 0    0    0   0   0   0    0   1 111   0
WRB     0    0    0  0  0    0    0   0   0 0    0    0    0  0      0  0    0    0    0  0   0    0    0 0    0    0   0   0   0    0   0   0 131
Total correctly tagged words: 43059
Total number of tagged words: 48860
Total accuracy: 0.8812730249693
