     CC   CD   DT   EX FW IN   JJ   JJR JJS LS MD  NN   NNP  NNPS NNS  PDT POS PRP  RB   RBR RBS RP  TO   UH VB  VBD  VBG VBN VBP VBZ  WDT WP  WRB
CC   1286    0    0  0  0    0    0   0   0 0    0    2    0  0      0  0    0    0    5  0   0    0    0 0    0    0   0   0   0    0   0   0   0
CD      0 1474    0  0  0    0    3   0   0 4    0    6    3  0      6  0    0    6    0  0   0    0    0 0    0    0   0   0   0    0   0   0   0
DT      8    0 4747  0  0    4    0   0   0 0    0    0    5  0      0 11    0    0   11  0   0    0    0 1    0    0   0   0   0    0   0   0   0
EX      0    0    0 57  0    0    0   0   0 0    0    0    0  0      0  0    0    0    6  0   0    0    0 0    0    0   0   0   0    0   0   0   0
FW                                                                                                                                                
IN      0    0   68  0  0 5792    4   0   0 0    0    6    1  0      0  0    0    0  172  0   0   38    0 0    4    0   0   0   1    0 138   0   0
JJ      0    0    2  0  0   10 2373   1   0 0    0  101   76  5      1  4    0    0   56  2   0    0    0 0   21    4   3   4   4    0   0   0   0
JJR     0    0    0  0  0    0    0 102   0 0    0    0    1  0      0  0    0    0    0 42   0    0    0 0    1    0   0   0   0    0   0   0   0
JJS     0    0    0  0  0    0    1   0 117 0    0    0    0  0      0  0    0    0    2  0  30    0    0 0    0    0   0   0   0    0   0   0   0
LS                                                                                                                                                
MD      0    0    0  0  0    0    0   0   0 0  582    3    0  0      0  0    0    0    0  0   0    0    0 0    0    0   0   0   0    0   0   0   0
NN     78  458    2  0 19   16 1065  16  11 0    2 7161 2340 19    725  3    0    0  164  2   0    2    0 4  436  144 294 202  88  100   2   0   1
NNP     0    3    0  0  1    0   26   1   0 0    0   44 3460  0      8  0    0    0    0  0   0    0    0 0    0    0   0   0   1    0   0   0   0
NNPS    0    0    0  0  0    0    0   0   0 0    0    0   40 10      7  0    0    0    0  0   0    0    0 0    0    0   0   0   0    0   0   0   0
NNS     0    0    0  0  0    0    0   0   0 0    0    7   11  8   2661  0    0    0    0  0   0    0    0 0    0    0   0   0   0   36   0   0   0
PDT                                                                                                                                               
POS     0    0    0  0  0    0    0   0   0 0    0    0    0  0      0  0  507    0    0  0   0    0    0 0    0    0   0   0   0   77   0   0   0
PRP     0    0    0  0  0    0    0   0   0 0    0    0    0  0      0  0    0 1042    0  0   0    0    0 0    0    0   0   0   0    0   0   0   0
RB      1    0    0  0  0   16   64   0   0 0    0    1    0  0      0  0    0    0 1591  0   0   30    0 3    2    0   0   0   0    0   0   0   1
RBR     0    0    0  0  0    0    0  74   0 0    0    0    0  0      0  0    0    0    0 64   0    0    0 0    0    0   0   0   0    0   0   0   0
RBS                                                                                                                                               
RP      0    0    0  0  0   28    1   0   0 0    0    0    0  0      0  0    0    0   35  0   0  107    0 0    0    0   0   0   0    0   0   0   0
TO      0    0    0  0  0    0    0   0   0 0    0    0    0  0      0  0    0    0    0  0   0    0 1245 0    0    0   0   0   0    0   0   0   0
UH                                                                                                                                                
VB      0    0    0  0  0    0    7   0   0 0    0  129    1  0      0  0    0    0    6  0   0    0    0 0  927   10   0  35 107    0   0   0   0
VBD     0    0    0  0  0    0   33   0   0 0    0    1    0  0      0  0    0    0    0  0   0    0    0 0    1 1496   0 222   0    0   0   0   0
VBG     0    0    0  0  0    0   28   0   0 0    0   79    0  0      0  0    0    0    0  0   0    0    0 0    0    0 520   0   0    0   0   0   0
VBN     0    0    0  0  0    0  103   0   0 0    0    2    0  0      0  0    0    0    0  0   0    0    0 0    5  183   0 635   2    0   0   0   0
VBP     0    0    0  0  0    0    3   0   0 0    0   37    0  0      0  0    0    0    0  0   0    0    0 0  192    0   0   0 599    0   0   0   0
VBZ     0    0    0  0  0    0    0   0   0 0    0    1    1  0    105  0    0    0    0  0   0    0    0 0    0    0   0   0   0 1023   0   0   0
WDT     0    0    0  0  0    0    0   0   0 0    0    0    0  0      0  0    0    0    0  0   0    0    0 0    0    0   0   0   0    0 139   0   0
WP      0    0    0  0  0    0    0   0   0 0    0    0    0  0      0  0    0    0    0  0   0    0    0 0    0    0   0   0   0    0   1 111   0
WRB     0    0    0  0  0    0    0   0   0 0    0    0    0  0      0  0    0    0    0  0   0    0    0 0    0    0   0   0   0    0   0   0 131
Total correctly tagged words: 39959
Total number of tagged words: 48860
Total accuracy: 0.817826442898076
